# Ensemble
-2.691674 -2.107557
-1.519901 -1.253226
-1.932521 -1.552796
-1.198570 -2.409126
-1.086101 -1.548092
-2.725581 -2.254331
-2.432343 -1.648005
-1.787834 -1.032706
-1.111550 -2.036940
-1.294529 -1.174922
-1.957548 -2.704052
-1.895925 -1.185465
-2.029245 -1.631350
-1.463732 -1.084543
-2.678566 -2.087898
-1.470879 -1.873718
-2.380205 -1.594121
-1.657095 -2.000110
-2.057540 -2.594679
-1.367663 -1.741271
-2.420826 -2.711403
-1.594755 -2.671264
-2.344861 -1.267547
-1.043884 -2.564717
-1.750836 -1.026878
-1.099373 -2.654316
-1.465049 -2.756792
-1.349982 -1.909073
-2.186719 -2.156551
-2.097383 -1.783484
3.701895 4.868279
3.032692 3.305727
3.757751 4.712690
3.772157 5.286749
3.889447 2.561717
3.621169 5.308455
3.896524 4.212253
2.605505 2.956964
2.752818 3.291708
4.408600 4.677585
2.583723 2.543496
3.400510 3.829599
3.162558 4.206177
2.665060 4.002090
4.069738 4.914369
3.749109 3.730664
2.644656 2.645765
4.217214 4.213974
4.910550 3.292261
2.840805 4.580582
3.331352 5.229516
4.425034 4.220180
3.978212 4.409590
4.019668 4.242303
3.884321 3.441345
5.184229 4.079012
4.317333 4.437218
4.310067 3.199656
3.831616 2.683405
3.940140 4.275530
5.165343 4.155962
3.125501 5.044047
2.720410 3.621973
4.285457 4.129944
4.495772 2.888187
4.412157 2.553928
5.087396 4.188211
3.836881 4.432326
4.509873 3.345358
4.358271 3.638351
3.467757 2.888177
3.458429 4.309980
3.374370 2.716014
3.717875 3.864064
4.566783 2.773658
2.509864 4.587022
2.517728 3.455834


# Hull
-1.099373 -2.654316
-1.465049 -2.756792
-2.420826 -2.711403
-2.725581 -2.254331
-2.691674 -2.107557
-2.344861 -1.267547
2.509864 4.587022
3.331352 5.229516
3.621169 5.308455
3.772157 5.286749
5.165343 4.155962
5.184229 4.079012
4.910550 3.292261
4.566783 2.773658
4.412157 2.553928
-1.099373 -2.654316
-1.099373 -2.654316
